 255 255 255
 219   0 222
 216   0 222
 214   0 222
 211   0 222
 209   0 222
 206   0 222
 203   0 222
 201   0 222
 198   0 222
 196   0 222
 193   0 222
 190   0 222
 188   0 222
 185   0 222
 182   0 222
 180   0 222
 177   0 222
 174   0 222
 172   0 222
 169   0 222
 166   0 222
 163   0 222
 161   0 222
 158   0 222
 155   0 222
 152   0 222
 150   0 222
 147   0 222
 144   0 222
 141   0 222
 139   0 222
 136   0 222
 133   0 222
 130   0 222
 127   0 222
 124   0 222
 121   0 222
 118   0 222
 116   0 222
 113   0 222
 110   0 222
 107   0 222
 103   0 222
 100   0 222
  97   0 222
  94   0 222
  91   0 222
  88   0 222
  84   0 222
  81   0 222
  77   0 222
  74   0 222
  70   0 222
  67   0 222
  63   0 222
  59   0 222
  55   0 222
  50   0 222
  45   0 222
  40   0 222
  35   0 222
  28   0 222
  20   0 222
   0   0 222
   0  20 222
   0  28 222
   0  35 222
   0  40 222
   0  45 222
   0  50 222
   0  55 222
   0  59 222
   0  63 222
   0  67 222
   0  70 222
   0  74 222
   0  77 222
   0  81 222
   0  84 222
   0  88 222
   0  91 222
   0  94 222
   0  97 222
   0 100 222
   0 103 222
   0 107 222
   0 110 222
   0 113 222
   0 116 222
   0 118 222
   0 121 222
   0 124 222
   0 127 222
   0 130 222
   0 133 222
   0 136 222
   0 139 222
   0 141 222
   0 144 222
   0 147 222
   0 150 222
   0 152 222
   0 155 222
   0 158 222
   0 161 222
   0 163 222
   0 166 222
   0 169 222
   0 172 222
   0 174 222
   0 177 222
   0 180 222
   0 182 222
   0 185 222
   0 188 222
   0 190 222
   0 193 222
   0 196 222
   0 198 222
   0 201 222
   0 203 222
   0 206 222
   0 209 222
   0 211 222
   0 214 222
   0 216 222
   0 219 222
   0 222 222
   0 222 216
   0 222 211
   0 222 206
   0 222 201
   0 222 196
   0 222 190
   0 222 185
   0 222 180
   0 222 174
   0 222 169
   0 222 163
   0 222 158
   0 222 152
   0 222 147
   0 222 141
   0 222 136
   0 222 130
   0 222 124
   0 222 118
   0 222 113
   0 222 107
   0 222 100
   0 222  94
   0 222  88
   0 222  81
   0 222  74
   0 222  67
   0 222  59
   0 222  50
   0 222  40
   0 222  28
   0 222   0
  28 222   0
  40 222   0
  50 222   0
  59 222   0
  67 222   0
  74 222   0
  81 222   0
  88 222   0
  94 222   0
 100 222   0
 107 222   0
 113 222   0
 118 222   0
 124 222   0
 130 222   0
 136 222   0
 141 222   0
 147 222   0
 152 222   0
 158 222   0
 163 222   0
 169 222   0
 174 222   0
 180 222   0
 185 222   0
 190 222   0
 196 222   0
 201 222   0
 206 222   0
 211 222   0
 216 222   0
 222 222   0
 222 219   0
 222 216   0
 222 214   0
 222 211   0
 222 209   0
 222 206   0
 222 203   0
 222 201   0
 222 198   0
 222 196   0
 222 193   0
 222 190   0
 222 188   0
 222 185   0
 222 182   0
 222 180   0
 222 177   0
 222 174   0
 222 172   0
 222 169   0
 222 166   0
 222 163   0
 222 161   0
 222 158   0
 222 155   0
 222 152   0
 222 150   0
 222 147   0
 222 144   0
 222 141   0
 222 139   0
 222 136   0
 222 133   0
 222 130   0
 222 127   0
 222 124   0
 222 121   0
 222 118   0
 222 116   0
 222 113   0
 222 110   0
 222 107   0
 222 103   0
 222 100   0
 222  97   0
 222  94   0
 222  91   0
 222  88   0
 222  84   0
 222  81   0
 222  77   0
 222  74   0
 222  70   0
 222  67   0
 222  63   0
 222  59   0
 222  55   0
 222  50   0
 222  45   0
 222  40   0
 222  35   0
 222  28   0
 222  20   0
